{
 "cells": [
  {
   "cell_type": "code",
   "execution_count": 1,
   "metadata": {},
   "outputs": [],
   "source": [
    "import numpy as np\n",
    "import numpy.matlib \n",
    "import random\n",
    "\n"
   ]
  },
  {
   "cell_type": "code",
   "execution_count": 2,
   "metadata": {},
   "outputs": [],
   "source": [
    "#order：k*l*m 100*100*25"
   ]
  },
  {
   "cell_type": "code",
   "execution_count": 3,
   "metadata": {},
   "outputs": [
    {
     "name": "stdout",
     "output_type": "stream",
     "text": [
      "[[[ 0.00000000e+00  2.00000000e+00  2.50000000e-01 ...  1.15740741e-03\n",
      "    9.10332271e-04  7.28862974e-04]\n",
      "  [-1.00000000e+00  1.76776695e-01  1.25219807e-01 ...  1.13360536e-03\n",
      "    8.94350177e-04  7.17812789e-04]\n",
      "  [-1.25000000e-01 -3.57770876e-02  2.20970869e-02 ...  1.06577137e-03\n",
      "    8.48459680e-04  6.85893578e-04]\n",
      "  ...\n",
      "  [-4.55539359e-05 -4.52931589e-05 -4.45190797e-05 ... -1.89065260e-05\n",
      "   -1.59075247e-05 -1.30382972e-05]\n",
      "  [-4.10020911e-05 -4.07832407e-05 -4.01331482e-05 ... -1.81607824e-05\n",
      "   -1.55154562e-05 -1.29658039e-05]\n",
      "  [-3.70370370e-05 -3.68522797e-05 -3.63031055e-05 ... -1.73780153e-05\n",
      "   -1.50415313e-05 -1.27743063e-05]]\n",
      "\n",
      " [[-1.00000000e+00  1.76776695e-01  1.25219807e-01 ...  1.13360536e-03\n",
      "    8.94350177e-04  7.17812789e-04]\n",
      "  [-3.53553391e-01  0.00000000e+00  6.80413817e-02 ...  1.11041135e-03\n",
      "    8.78716945e-04  7.06971052e-04]\n",
      "  [-8.94427191e-02 -3.40206909e-02  1.23456790e-02 ...  1.04428915e-03\n",
      "    8.33817705e-04  6.75648507e-04]\n",
      "  ...\n",
      "  [-4.54669179e-05 -4.52069697e-05 -4.44353403e-05 ... -1.88937039e-05\n",
      "   -1.59014448e-05 -1.30382719e-05]\n",
      "  [-4.09290687e-05 -4.07108668e-05 -4.00626934e-05 ... -1.81475281e-05\n",
      "   -1.55078877e-05 -1.29634062e-05]\n",
      "  [-3.69753943e-05 -3.67911487e-05 -3.62434900e-05 ... -1.73647985e-05\n",
      "   -1.50331140e-05 -1.27703033e-05]]\n",
      "\n",
      " [[-1.25000000e-01 -3.57770876e-02  2.20970869e-02 ...  1.06577137e-03\n",
      "    8.48459680e-04  6.85893578e-04]\n",
      "  [-8.94427191e-02 -3.40206909e-02  1.23456790e-02 ...  1.04428915e-03\n",
      "    8.33817705e-04  6.75648507e-04]\n",
      "  [-4.41941738e-02 -2.46913580e-02  0.00000000e+00 ...  9.82989913e-04\n",
      "    7.91736695e-04  6.46034641e-04]\n",
      "  ...\n",
      "  [-4.52075190e-05 -4.49500354e-05 -4.41856908e-05 ... -1.88551601e-05\n",
      "   -1.58830049e-05 -1.30378938e-05]\n",
      "  [-4.07112968e-05 -4.04950246e-05 -3.98525607e-05 ... -1.81077490e-05\n",
      "   -1.54850664e-05 -1.29560131e-05]\n",
      "  [-3.67914881e-05 -3.66087660e-05 -3.60656188e-05 ... -1.73251700e-05\n",
      "   -1.50078032e-05 -1.27581660e-05]]\n",
      "\n",
      " ...\n",
      "\n",
      " [[-4.55539359e-05 -4.52931589e-05 -4.45190797e-05 ... -1.89065260e-05\n",
      "   -1.59075247e-05 -1.30382972e-05]\n",
      "  [-4.54669179e-05 -4.52069697e-05 -4.44353403e-05 ... -1.88937039e-05\n",
      "   -1.59014448e-05 -1.30382719e-05]\n",
      "  [-4.52075190e-05 -4.49500354e-05 -4.41856908e-05 ... -1.88551601e-05\n",
      "   -1.58830049e-05 -1.30378938e-05]\n",
      "  ...\n",
      "  [-1.61057485e-05 -1.60595880e-05 -1.59218396e-05 ... -1.05548136e-05\n",
      "   -9.78150239e-06 -8.99830832e-06]\n",
      "  [-1.52658135e-05 -1.52235931e-05 -1.50975789e-05 ... -1.01580846e-05\n",
      "   -9.44109679e-06 -8.71341125e-06]\n",
      "  [-1.44706110e-05 -1.44319903e-05 -1.43166995e-05 ... -9.77113334e-06\n",
      "   -9.10660526e-06 -8.43078260e-06]]\n",
      "\n",
      " [[-4.10020911e-05 -4.07832407e-05 -4.01331482e-05 ... -1.81607824e-05\n",
      "   -1.55154562e-05 -1.29658039e-05]\n",
      "  [-4.09290687e-05 -4.07108668e-05 -4.00626934e-05 ... -1.81475281e-05\n",
      "   -1.55078877e-05 -1.29634062e-05]\n",
      "  [-4.07112968e-05 -4.04950246e-05 -3.98525607e-05 ... -1.81077490e-05\n",
      "   -1.54850664e-05 -1.29560131e-05]\n",
      "  ...\n",
      "  [-1.52658135e-05 -1.52235931e-05 -1.50975789e-05 ... -1.01580846e-05\n",
      "   -9.44109679e-06 -8.71341125e-06]\n",
      "  [-1.44964283e-05 -1.44576928e-05 -1.43420598e-05 ... -9.78387377e-06\n",
      "   -9.11765640e-06 -8.44016118e-06]\n",
      "  [-1.37658123e-05 -1.37302740e-05 -1.36241678e-05 ... -9.41861897e-06\n",
      "   -8.79982940e-06 -8.16935743e-06]]\n",
      "\n",
      " [[-3.70370370e-05 -3.68522797e-05 -3.63031055e-05 ... -1.73780153e-05\n",
      "   -1.50415313e-05 -1.27743063e-05]\n",
      "  [-3.69753943e-05 -3.67911487e-05 -3.62434900e-05 ... -1.73647985e-05\n",
      "   -1.50331140e-05 -1.27703033e-05]\n",
      "  [-3.67914881e-05 -3.66087660e-05 -3.60656188e-05 ... -1.73251700e-05\n",
      "   -1.50078032e-05 -1.27581660e-05]\n",
      "  ...\n",
      "  [-1.44706110e-05 -1.44319903e-05 -1.43166995e-05 ... -9.77113334e-06\n",
      "   -9.10660526e-06 -8.43078260e-06]\n",
      "  [-1.37658123e-05 -1.37302740e-05 -1.36241678e-05 ... -9.41861897e-06\n",
      "   -8.79982940e-06 -8.16935743e-06]\n",
      "  [-1.30945700e-05 -1.30618715e-05 -1.29642284e-05 ... -9.07425835e-06\n",
      "   -8.49832004e-06 -7.91045223e-06]]]\n"
     ]
    }
   ],
   "source": [
    "G = np.zeros((31,31,15))\n",
    "for k in range (0,31):\n",
    "    for l in range (0,31):\n",
    "        for m in range(0,15):\n",
    "            if k==0 and l==0 and m==0:\n",
    "                continue\n",
    "            else:\n",
    "                G[k,l,m] = (2*m*m-k*k-l*l)/((k*k+l*l+m*m)**(5/2))\n",
    "print(G)            "
   ]
  },
  {
   "cell_type": "code",
   "execution_count": 4,
   "metadata": {},
   "outputs": [],
   "source": [
    "p = np.matlib.zeros((30*30*15,1))\n",
    "Eex = np.matlib.zeros((30*30*15,1))\n",
    "\n",
    "alpha1 = 1\n",
    "alpha2 = 1\n",
    "\n",
    "for i in range (0, 30*30*15):\n",
    "    if i < 30*30*10 :\n",
    "        Eex[i] = 5*alpha1\n",
    "    else:\n",
    "        Eex[i] = 5*np.exp(0.1*(-int(i/900)+9))*alpha2"
   ]
  },
  {
   "cell_type": "code",
   "execution_count": 5,
   "metadata": {},
   "outputs": [
    {
     "name": "stdout",
     "output_type": "stream",
     "text": [
      "[[4.52418709]]\n"
     ]
    }
   ],
   "source": [
    "print(Eex[900*10])"
   ]
  },
  {
   "cell_type": "code",
   "execution_count": 6,
   "metadata": {},
   "outputs": [],
   "source": [
    "S = np.zeros((30,30))\n",
    "for i in range (0,30):\n",
    "    for j in range(0,30):\n",
    "        S[i,j] = 10\n",
    "for i in range(0,1000):\n",
    "    x = random.randint(0,29)\n",
    "    y = random.randint(0,29)\n",
    "    if S[x,y] < 15:\n",
    "        S[x,y] = S[x,y]+1\n",
    "#print(S)"
   ]
  },
  {
   "cell_type": "code",
   "execution_count": null,
   "metadata": {},
   "outputs": [
    {
     "name": "stdout",
     "output_type": "stream",
     "text": [
      "0\n",
      "100\n"
     ]
    }
   ],
   "source": [
    "M = np.matlib.zeros((30*30*15,30*30*15))\n",
    "\n",
    "for i in range(0,30*30*15):\n",
    "    if i%1000 == 0:\n",
    "        print(i)\n",
    "        \n",
    "        #print(M[i,j])\n",
    "    for j in range(0,30*30*15):\n",
    "        l1 = (i%900)%30\n",
    "        k1 = int((i%900)/30)\n",
    "        m1 = int(i/900)\n",
    "        \n",
    "        l2 = (j%900)%30\n",
    "        k2 = int((j%900)/30)\n",
    "        m2 = int(j/900)\n",
    "        \n",
    "        if i == j:\n",
    "            M[i,j] = 1.00000\n",
    "        else :\n",
    "            M[i,j] = alpha1*G[abs(l1-l2),abs(k1-k2),abs(m1-m2)]\n",
    "        "
   ]
  },
  {
   "cell_type": "code",
   "execution_count": 20,
   "metadata": {},
   "outputs": [],
   "source": [
    "p = np.linalg.solve(M,Eex)\n"
   ]
  },
  {
   "cell_type": "code",
   "execution_count": 19,
   "metadata": {},
   "outputs": [
    {
     "name": "stdout",
     "output_type": "stream",
     "text": [
      "[[ 1.00000000e+00 -1.00000000e+00 -1.25000000e-01 ... -8.98811338e-06\n",
      "  -8.71341125e-06 -8.44016118e-06]\n",
      " [-1.00000000e+00  1.00000000e+00 -1.00000000e+00 ... -9.26315892e-06\n",
      "  -8.98811338e-06 -8.71341125e-06]\n",
      " [-1.25000000e-01 -1.00000000e+00  1.00000000e+00 ... -9.53732831e-06\n",
      "  -9.26315892e-06 -8.98811338e-06]\n",
      " ...\n",
      " [-8.98811338e-06 -9.26315892e-06 -9.53732831e-06 ...  1.00000000e+00\n",
      "  -1.00000000e+00 -1.25000000e-01]\n",
      " [-8.71341125e-06 -8.98811338e-06 -9.26315892e-06 ... -1.00000000e+00\n",
      "   1.00000000e+00 -1.00000000e+00]\n",
      " [-8.44016118e-06 -8.71341125e-06 -8.98811338e-06 ... -1.25000000e-01\n",
      "  -1.00000000e+00  1.00000000e+00]]\n"
     ]
    }
   ],
   "source": [
    "print(M)"
   ]
  },
  {
   "cell_type": "code",
   "execution_count": 32,
   "metadata": {},
   "outputs": [],
   "source": [
    "Polarizations = np.zeros(30*30*15)\n",
    "for i in range(30*30*15):\n",
    "    Polarizations[i] = p[i]\n",
    "\n",
    "Polarizations = Polarizations.reshape((15,30,30))"
   ]
  },
  {
   "cell_type": "code",
   "execution_count": 33,
   "metadata": {},
   "outputs": [
    {
     "name": "stdout",
     "output_type": "stream",
     "text": [
      "[[[ 0.48825213  0.58649316  0.92798392 ...  0.92798392  0.58649316\n",
      "    0.48825213]\n",
      "  [ 0.58649316  1.14733675  1.96015009 ...  1.96015009  1.14733675\n",
      "    0.58649316]\n",
      "  [ 0.92798392  1.96015009  3.11348075 ...  3.11348075  1.96015009\n",
      "    0.92798392]\n",
      "  ...\n",
      "  [ 0.92798392  1.96015009  3.11348075 ...  3.11348075  1.96015009\n",
      "    0.92798392]\n",
      "  [ 0.58649316  1.14733675  1.96015009 ...  1.96015009  1.14733675\n",
      "    0.58649316]\n",
      "  [ 0.48825213  0.58649316  0.92798392 ...  0.92798392  0.58649316\n",
      "    0.48825213]]\n",
      "\n",
      " [[ 1.40675083  1.62042765  1.88894545 ...  1.88894545  1.62042765\n",
      "    1.40675083]\n",
      "  [ 1.62042765  2.04862366  2.72488988 ...  2.72488988  2.04862366\n",
      "    1.62042765]\n",
      "  [ 1.88894545  2.72488988  3.91928482 ...  3.91928482  2.72488988\n",
      "    1.88894545]\n",
      "  ...\n",
      "  [ 1.88894545  2.72488988  3.91928482 ...  3.91928482  2.72488988\n",
      "    1.88894545]\n",
      "  [ 1.62042765  2.04862366  2.72488988 ...  2.72488988  2.04862366\n",
      "    1.62042765]\n",
      "  [ 1.40675083  1.62042765  1.88894545 ...  1.88894545  1.62042765\n",
      "    1.40675083]]\n",
      "\n",
      " [[ 2.26158628  2.77515054  3.02519615 ...  3.02519615  2.77515054\n",
      "    2.26158628]\n",
      "  [ 2.77515054  3.32734769  3.62260465 ...  3.62260465  3.32734769\n",
      "    2.77515054]\n",
      "  [ 3.02519615  3.62260465  4.14849512 ...  4.14849512  3.62260465\n",
      "    3.02519615]\n",
      "  ...\n",
      "  [ 3.02519615  3.62260465  4.14849512 ...  4.14849512  3.62260465\n",
      "    3.02519615]\n",
      "  [ 2.77515054  3.32734769  3.62260465 ...  3.62260465  3.32734769\n",
      "    2.77515054]\n",
      "  [ 2.26158628  2.77515054  3.02519615 ...  3.02519615  2.77515054\n",
      "    2.26158628]]\n",
      "\n",
      " ...\n",
      "\n",
      " [[-2.45177471 -3.04231475 -3.62621265 ... -3.62621265 -3.04231475\n",
      "   -2.45177471]\n",
      "  [-3.04231475 -3.76897526 -4.67354306 ... -4.67354306 -3.76897526\n",
      "   -3.04231475]\n",
      "  [-3.62621265 -4.67354306 -6.0574077  ... -6.0574077  -4.67354306\n",
      "   -3.62621265]\n",
      "  ...\n",
      "  [-3.62621265 -4.67354306 -6.0574077  ... -6.0574077  -4.67354306\n",
      "   -3.62621265]\n",
      "  [-3.04231475 -3.76897526 -4.67354306 ... -4.67354306 -3.76897526\n",
      "   -3.04231475]\n",
      "  [-2.45177471 -3.04231475 -3.62621265 ... -3.62621265 -3.04231475\n",
      "   -2.45177471]]\n",
      "\n",
      " [[-1.82065295 -2.48987909 -2.93903554 ... -2.93903554 -2.48987909\n",
      "   -1.82065295]\n",
      "  [-2.48987909 -3.65767999 -4.51693324 ... -4.51693324 -3.65767999\n",
      "   -2.48987909]\n",
      "  [-2.93903554 -4.51693324 -5.73326369 ... -5.73326369 -4.51693324\n",
      "   -2.93903554]\n",
      "  ...\n",
      "  [-2.93903554 -4.51693324 -5.73326369 ... -5.73326369 -4.51693324\n",
      "   -2.93903554]\n",
      "  [-2.48987909 -3.65767999 -4.51693324 ... -4.51693324 -3.65767999\n",
      "   -2.48987909]\n",
      "  [-1.82065295 -2.48987909 -2.93903554 ... -2.93903554 -2.48987909\n",
      "   -1.82065295]]\n",
      "\n",
      " [[-1.16253748 -1.87401469 -2.25223401 ... -2.25223401 -1.87401469\n",
      "   -1.16253748]\n",
      "  [-1.87401469 -3.09986035 -3.80579884 ... -3.80579884 -3.09986035\n",
      "   -1.87401469]\n",
      "  [-2.25223401 -3.80579884 -4.91311769 ... -4.91311769 -3.80579884\n",
      "   -2.25223401]\n",
      "  ...\n",
      "  [-2.25223401 -3.80579884 -4.91311769 ... -4.91311769 -3.80579884\n",
      "   -2.25223401]\n",
      "  [-1.87401469 -3.09986035 -3.80579884 ... -3.80579884 -3.09986035\n",
      "   -1.87401469]\n",
      "  [-1.16253748 -1.87401469 -2.25223401 ... -2.25223401 -1.87401469\n",
      "   -1.16253748]]]\n"
     ]
    }
   ],
   "source": [
    "print(Polarizations)"
   ]
  },
  {
   "cell_type": "code",
   "execution_count": 46,
   "metadata": {},
   "outputs": [],
   "source": [
    "\n",
    "np.save(file=\"Polarizations.npy\", arr=Polarizations)"
   ]
  },
  {
   "cell_type": "code",
   "execution_count": 20,
   "metadata": {},
   "outputs": [],
   "source": [
    "N[1,2] = -0.000033456"
   ]
  },
  {
   "cell_type": "code",
   "execution_count": 42,
   "metadata": {},
   "outputs": [
    {
     "name": "stdout",
     "output_type": "stream",
     "text": [
      "[[[ 0  1  2]\n",
      "  [ 3  4  5]\n",
      "  [ 6  7  8]\n",
      "  [ 9 10 11]]]\n"
     ]
    }
   ],
   "source": [
    "x = np.arange(12)\n",
    "y = x.reshape(1,4,3)\n",
    "print(y)"
   ]
  },
  {
   "cell_type": "code",
   "execution_count": 17,
   "metadata": {},
   "outputs": [
    {
     "name": "stdout",
     "output_type": "stream",
     "text": [
      "16 6 18 18 2 2\n"
     ]
    }
   ],
   "source": [
    "i = 2356\n",
    "j =2346\n",
    "\n",
    "l1 = (i%900)%30\n",
    "k1 = int((i%900)/30)\n",
    "m1 = int(i/900)\n",
    "        \n",
    "l2 = (j%900)%30\n",
    "k2 = int((j%900)/30)\n",
    "m2 = int(j/900)\n",
    "\n",
    "print(l1,l2,k1,k2,m1,m2)"
   ]
  },
  {
   "cell_type": "code",
   "execution_count": null,
   "metadata": {},
   "outputs": [],
   "source": [
    "doc = open('Polarizations','w')\n",
    "for i in range(30*30*15):\n",
    "    print(p[i],file = doc)"
   ]
  },
  {
   "cell_type": "code",
   "execution_count": null,
   "metadata": {},
   "outputs": [],
   "source": []
  },
  {
   "cell_type": "code",
   "execution_count": null,
   "metadata": {},
   "outputs": [],
   "source": []
  }
 ],
 "metadata": {
  "kernelspec": {
   "display_name": "Python 3",
   "language": "python",
   "name": "python3"
  },
  "language_info": {
   "codemirror_mode": {
    "name": "ipython",
    "version": 3
   },
   "file_extension": ".py",
   "mimetype": "text/x-python",
   "name": "python",
   "nbconvert_exporter": "python",
   "pygments_lexer": "ipython3",
   "version": "3.7.6"
  }
 },
 "nbformat": 4,
 "nbformat_minor": 4
}
